[LEFT_CAM_2K]
fx=1394.83
fy=1394.83
cx=1076.38
cy=640.96
k1=-0.168998
k2=0.0262648

[RIGHT_CAM_2K]
fx=1399.88
fy=1399.88
cx=1081.13
cy=626.47
k1=-0.169096
k2=0.0260708

[STEREO]
CV_2K=0.00484139
RX_2K=0.0123146
RZ_2K=-0.000588488
BaseLine=120.009
CV_FHD=0.00484139
RX_FHD=0.0123146
RZ_FHD=-0.000588488
CV_HD=0.00484139
RX_HD=0.0123146
RZ_HD=-0.000588488
CV_VGA=0.00484139
RX_VGA=0.0123146
RZ_VGA=-0.000588488

[LEFT_CAM_FHD]
fx=1394.83
fy=1394.83
cx=932.377
cy=559.96
k1=-0.168998
k2=0.0262648

[RIGHT_CAM_FHD]
fx=1399.88
fy=1399.88
cx=937.125
cy=545.47
k1=-0.169096
k2=0.0260708

[LEFT_CAM_HD]
fx=697.414
fy=697.414
cx=624.689
cy=368.48
k1=-0.168998
k2=0.0262648

[RIGHT_CAM_HD]
fx=699.94
fy=699.94
cx=627.063
cy=361.235
k1=-0.169096
k2=0.0260708

[LEFT_CAM_VGA]
fx=348.707
fy=348.707
cx=327.344
cy=191.24
k1=-0.168998
k2=0.0262648

[RIGHT_CAM_VGA]
fx=349.97
fy=349.97
cx=328.531
cy=187.617
k1=-0.169096
k2=0.0260708
